49054869
49553613
49053887
49553365
49550049
49054778
49551922
49553688
49053549
49553530
49053879
49552987
49055338
49552052
49554967
49056708
49552904
49056567
49553977
49050214
49554660
49552490
49054059
49054596
49055528
49053499
49054406
49551591
49554975
49551419
49055387
49055742
49054034
49553597
49057078
49551633
49055759
49553894
49056559
49550551
49552904
49551260
49050222
49553407
49552144
49054406
49550643
49555006
49054786
49550460
49553381
49053739
49055429
49056021
49056559
49552995
49052947
49550031
49551609
49553860
49054927
49054422
49053804
49552862
49552102
49054349
49553993
49551583
49056245
49555055
49553134
49552607
49053150
49055486
49553076
49055726
49053952
49055460
49054133
49053614
49553563
49551724
49056104
49055775
49056641
49550015
49550502
49050388
49550726
49054687
49550890
49052996
49553324
49551906
49057003
49054307
49551658
49553324
49550478
49054208
49050180
49550544
49054000
49553662
49553399
49053424
49552615
49053911
49552201
49552409
49054687
49552540
49555014
49050198
49550940
49053655
49553993
49553357
49554629
49551294
49551484
49056484
49056203
49056922
49553191
49554959
49056716
49552730
49552888
49553720
49055346
49551468
49550452
49054851
49055742
49552862
49053143
49050222
49054463
49550833
49054794
49056385
49551765
49055825
49053598
49053176
49053457
49552292
49054869
49050701
49551013
49057060
49553100
49054364
49550866
49051111
49053895
49057011
jtf
49550353
49055619
49053978
49055247
49551641
49053994
49054901
49056997
49057037
49054380
49054620
49552300
49550528
49550619
49050446
49057102
49552078
49553662
49056971
49056286
49056781
49550429
49054224
49550940
49550304
49553712
49056161
49550676
49550460
49054067
49554843
49056229
49050214
49053929
49056922
49053648
49552607
49553506
49056153
49555014
49552169
49554686
49552011
49553936
49550924
49055064
49551211
49053259
49056732
49553241
49552839
49053671
49053721
49056054
49554967
49054521
49554850
49050347
49054315
49551971
49553688
49550890
49054307
49553225
49056088
49055882
49055601
49552250
49056963
49050727
49553837
49055999
49553282
49550460
49553472
49552250
49553316
49054034
49550221
49551161
49553894
49552151
49056849
49552003
49553290
49056351
49551278
49055643
49553480
49053606
49552409
49056724
49054802
49056708
49055122
49553308
49054059
49055353
49050453
49551690
49553506
49056146
49552615
49553639
49553688
49554793
49056641
49554660
49055148
49056245
49551138
49055528
49551237
49550577
48051111
49552243
49056476
49552284
49552441
49552946
49551674
49550163
49551740
49551104
49552011
49056161
49553803
49552052
49053796
49050214
49056443
49050685
49053234
49056633
49555006
49056468
49553050
49552367
49551641
49050487
49553175
49054935
49551005
49554694
49053705
49056948
49551856
49053515
49552383
49551351
49055106
49051111
49553985
49055858
49054224
49056062
49553902
49550205
49054729
49554751
49552086
49553662
49554744
49552185
49054596
49055205
49551385
49055825
49550957
49553647
49053283
49056666
49551856
49053168
49552144
49054760
49054927
49552573
49053937
49054463
49550833
49055700
49552698
49553159
49054547
49054893
49552268
49551070
49551625
49053333
49550718
49550759
49056716
49053507
49055643
49054224
49050735
49553225
49053895
49057011
49054992
49055510
49550031
49552995
49053903
49056567
49056187
49552805
49050172
49057128
49055288
49054604
49053598
49056583
49552797
49550080
49053598
49054208
49055916
49054513
49551625
49550569
49051111
49056377
49054869
49050701
49054505
49054570
49055205
49552359
49552201
49054042
49053812
49553381
49551997
49553480
49552326
49053168
49056823
49553191
49552045
49555071
49053333
49551641
49054836
49551096
49054984
49055304
49056989
49554843
49055643
49050693
49054893
49551120
49550924
49053655
49051111
49553118
49550999
49551773
49053358
49053044
49053846
49554611
49056153
49053697
49054026
49051111
49550445
49057102
49057060
49552144
49053002
49550759
49552839
49056237
49550585
49054851
49551450
49550213
49552466
49552490
49551765
49054265
49553878
49050461
49550361
49553795
49054448
49553209
49554777
49552045
49551856
49553670
49554819
49054331
49055866
49550742
49056831
49553506
49553357
49550981
49053598
49550387
49054323
49550270
49553970
49550247
49553993
49552094
49552011
49554926
49553910
49553282
49553217
49554678
49053473
49053598
49554629
49050735
49554975
49056922
49053432
49553803
49554934
49552805
49552060
49553068
49550072
49057029
49056500
49054562
49554884
49053259
49053267
49055734
49552300
49552888
49053481
49055643
49554751
49056377
49552060
49050321
49554686
49054521
49053507
49055890
49054505
49055262
49050180
49552805
49056757
49051111
49053036
49055924
49054968
jtf
49553191
49056385
49552417
49050438
49554736
49550635
49553555
49056831
49053747
49553290
49050172
49553225
49554819
49050248
49551111
49053622
49053960
49050214
49055015
49552201
49552656
49553811
49554629
49553290
49056385
49552599
49552722
49054380
49550098
49055239
49056765
49053945
49054737
49056518
49553100
49053291
49056518
49056278
49550924
49553027
49053770
49055379
49053309
49551575
49054836
49054398
49553068
49551484
49053119
49551245
49552979
49554660
49552169
49052947
49550593
49552870
49054265
49553688
49055924
49552425
49053127
49551625
49551146
49550148
49054042
49552615
49055502
49053655
49551385
49551120
49551179
jtf
49553449
49054075
49552151
49055007
49552789
49056955
49055791
49050339
49550791
49050743
49552060
49053465
49552847
49056088
49551419
49055189
49552482
49550825
49053036
49057102
49051111
49055015
49553423
49552318
49053762
49053937
49056740
49056864
49553035
49552458
49552433
49553860
49552417
49553175
49553381
49054125
49055692
49552854
49550700
49551302
49055809
49550734
49551153
49552524
49055650
49056393
49550304
49050453
49551815
49053838
49054026
49053184
49056492
49053424
49056971
49050701
49551575
49054661
49553092
49054752
49551682
49552912
49056203
49554884
49551625
49551443
49554827
49550445
49551955
49056138
49056211
49551310
49550890
49552045
49551914
49057060
49554660
49053192
49552201
49553225
49054497
49552318
49551336
49553571
49056922
49553308
49056468
49057086
49056062
49054521
49056047
49056906
49055957
49554652
49053564
49554793
49054158
49052947
49551187
49553241
49552698
49550767
49553506
49053564
49050263
49550478
49553506
49550056
49056039
49553233
49552565
49054950
49551112
49056427
49552615
49551377
49054117
49055528
49053853
49055924
49054166
49057128
49050396
49056112
49053622
49550213
49056369
49055965
49054562
49055064
49054471
49551807
49053440
49553217
49551484
49055874
49050743
49550171
49055569
49055841
49552078
49055676
49050214
49050131
49551757
49550304
49552474
49553837
49053218
49551111
49053192
49552912
49053820
49054299
49054547
49552482
49054224
49056336
49051111
49056153
49552367
49550064
49053986
49554777
49551666
49550858
49550106
49056880
49552656
49553431
49550957
49050404
49050412
49552565
49551542
49052970
49550353
49552995
49054349
49554751
49055809
49053523
49056526
49553548
49055817
49054158
49056195
49053416
49553902
49055908
49553308
49553704
49553357
49551096
49552573
49056690
48051111
49552276
49551450
49054190
49053630
49553761
49056856
49552565
49552805
49553944
49054836
49550593
49554819
49054125
49053242
49550924
49552540
49553803
49054968
49554751
49053184
49053408
49554843
49550148
49553043
49053762
49053796
49054976
49551179
49550650
49552144
49056732
49552979
49551732
49055528
49056344
49553704
49056153
49551111
49050214
49552573
49551443
49552763
49550502
49554751
49554983
49051111
49053374
49053598
49552219
49550940
49054810
49056617
49056567
49054810
49054398
49054554
49054497
49056864
49550213
49053408
49055254
49552821
49552045
49050214
49552565
49055593
49055510
49551773
49053895
49056724
49050214
49054018
49053358
49054117
49054539
49553191
49550114
49054943
49054307
49055684
49055007
49553654
49055478
49552177
49050156
49053622
49552201
49551823
49050339
49553928
49055510
49054307
49054257
49553167
49551393
49553837
49551948
49555063
49552565
49054299
49550593
49053101
49550502
49554835
49056294
49055411
49551575
49553985
49053531
49053754
49053085
49553910
49055239
49054737
49552987
49050313
49551757
49050719
49552490
49053960
49055668
49550882
49057052
49552680
49055353
49053788
49052988
49554710
49054091
49056153
49551922
49551641
49053010
49550692
49053713
49054521
49054984
49053952
49056310
49552037
49551393
49552441
49055411
49551575
49554827
49551773
49550767
49056799
49053366
49554652
49551773
49053861
49552532
49551344
49055197
49054646
49054265
49053606
49055361
49055098
49551732
49553589
49054109
49050289
49052962
49053556
49055940
49056302
49554827
49056674
49054588
49551526
49053994
4605085
49554835
49054794
49050685
49055668
49551799
49552334
49055130
49055098
49554017
49053762
49054273
49056765
49550726
49551971
49055122
49056435
49553530
49553118
49055718
49053168
49554645
49056930
49550411
49056518
49551575
49054539
49551450
49053929
49550296
49552078
49057045
49055155
49056567
49056153
49553860
49553548
49055031
49551880
49054018
49055676
49554645
49552805
49553779
49053812
49054000
49054190
49053226
49555055
49055064
49055288
49055783
49551500
49553266
49553970
49056633
49055445
49555022
49056476
49552128
49054505
49054844
49056740
49056948
49056310
49550189
49057037
49551682
49550981
49053754
49551682
49555048
49551807
49055049
49552078
49050339
49550387
49050297
49056963
49056914
49550437
49553555
49553829
49553688
49551831
49554892
49053994
49053788
49053820
49055312
49053960
49050263
49550155
49055239
49551658
49056278
49055437
49056039
49055056
49056690
49551963
49054216
49055288
49552987
49055478
49051111
49553837
49054430
49050396
49056344
49553951
49550536
49055239
49552540
49551898
49553506
49055270
49550775
49553852
49550148
49053440
49553209
49551773
49055072
49050164
49056021
49552185
49055064
49056328
49056831
49056575
49053911
49056807
49056260
49550882
49054695
48051111
49553340
49554678
49551922
49552532
49553803
49052947
49553175
49055494
49550551
49054992
49055056
49053317
49053374
49053333
49053390
49553878
49053895
49552953
49552474
49053663
49552318
49050388
49550502
49053200
49050446
49553464
49550056
49551526
49055114
49056302
49554611
49552433
49053580
49054182
49552169
49052988
49056666
49054729
49055163
49553970
jtf
49055023
49056336
49551575
49054349
49053093
49053465
49551088
49551757
49055890
49054570
49056526
49551674
49056518
49050248
49056948
49553209
49550346
49553290
49051111
49553688
49055825
49554645
49053168
49056120
49551443
49056971
49550353
49053812
49056872
49552128
49050388
49055825
49550403
49552367
49054737
49550635
49056344
49056955
49552276
49553555
49054885
49552060
49055502
jtf
49553118
49056385
49553761
49552912
49056633
49056096
49054208
49053572
49555006
49552995
49551328
49550965
49551922
49552805
49554736
49054141
49552771
49053358
49055270
49055528
49053010
49053275
49551963
49055692
49551807
49552169
49550288
49552656
49056575
49551716
49057086
49552839
49553746
49552318
49554629
49056401
49052939
49552169
49053531
49053846
49050685
49551724
49055395
49056484
49553373
49054356
49551757
49056963
49550064
49055833
49551682
49553191
49552938
49550239
49057086
49550072
49054489
49550460
49055320
49054737
49552672
49050214
49553571
49553191
49056658
49050420
49053440
49550999
49056344
49054349
49553225
49055023
49552656
49553597
49552730
49552219
49552326
49056377
49554660
49054992
49551328
49552672
49056351
49552284
49054075
49550221
49057110
49552631
49054505
49054232
49552730
49053069
49050735
49553415
49552326
49053721
49053762
49056179
49550171
49055619
49550817
49553019
49054554
49056534
49056419
49054018
49054505
49054505
49552540
49554926
49553522
49550346
49552243
49056948
49053283
49554694
49055593
49055098
49553241
49552052
49053424
49053192
49054968
49552078
49554751
49055106
49056419
49054182
49550569
49554876
49551252
49050313
49553761
49053721
49053465
49053796
49552623
49055239
49551922
49551534
49553316
49053051
49053499
49053135
49054877
49552169
49054604
49551419
49550775
49552649
49551922
49055981
49053341
49552375
49551039
49552490
49053291
49053879
49550775
49552227
49554009
49051111
49056443
49055296
49553019
49552888
49553514
49551401
49055353
49554959
49554918
49053911
49552599
49552219
49057060
49551005
49550890
49553779
49552094
49050180
49053291
49553258
49552763
49553191
49550700
49053911
49053762
49054091
49553027
49055981
49054307
49553506
48551111
49551799
49054901
49055221
49055239
49551781
49054281
49053309
49056344
49551401
49550379
49552763
49554983
49056625
49550403
49553050
49056591
49053689
49552664
49551914
49553050
49553688
49052954
49553738
49050263
49054919
49550494
49056435
49056096
49054125
49551559
49055130
49553209
49054976
49054653
49551542
49553316
49054232
49053630
49053127
49551450
49054372
49054356
49056542
49552458
49551427
49550957
49552185
49056609
49550932
49056427
49552003
