     57036  833
    120183   67
    197589  607
    114072  924
     20370   30
     93702  215
    105924  596
     48888   80
    118146  739
    154812  676
    201663  311
     50925  350
     28518  602
     28518  778
      6111  329
    191478  516
    114072  420
    144627   28
    109998  215
    112035  567
     32592  502
    175182  857
    171108  132
    193515  888
    203700  131
    193515  219
     32592  760
    162960  908
     54999  707
    154812  522
     87591  230
     28518   35
    175182  581
    126294   88
    144627  194
     63147  262
    122220  223
     87591  657
    158886  316
     95739  930
     77406  642
      8148  478
     52962  346
    195552  938
     71295  479
     97776  984
      4074  354
    169071  632
    179256  149
     52962   69
    171108   74
    132405  267
    112035  574
      4074  197
     32592  838
     83517  167
     50925   70
     61110  282
    179256  623
    140553  345
     10185   53
    130368   25
    195552  721
    144627  811
    187404  233
     59073  335
     61110  861
    187404  344
    162960  765
     26481  446
    118146  961
    142590  534
    171108  105
    183330  850
     69258  988
    158886  419
     20370  925
     22407  527
     71295   58
    154812  732
    150738  282
    130368  765
     28518  378
    203700  750
    201663  191
    146664  115
      8148  393
     30555  251
    148701   18
    140553   92
     12222  234
    130368  221
    128331  392
    103887  892
     93702  205
     75369  233
    109998  889
    116109  289
    103887  707
    160923   53
     61110  851
     63147  679
     91665  274
     69258  492
      6111  112
    193515  231
    160923  423
     52962  421
     75369  355
     30555  323
    197589  603
     85554  888
    154812  871
     16296  137
     97776  290
    101850   48
    118146   79
    193515  683
    105924  247
     48888  782
     22407  960
     36666  201
     85554  739
     12222  426
    152775   83
    114072  215
    193515  431
    156849  843
     97776  347
     57036   44
     30555  982
     16296  913
     16296  738
     10185  411
    126294  687
     93702  292
    101850  788
     24444  656
     87591  156
      6111  117
     46851  608
     61110  909
     42777  624
     46851  982
    156849  163
     50925  689
    199626  678
     63147  655
    158886  702
     65184  408
     65184  331
    114072  736
    126294  137
     93702  145
     79443  176
     59073  383
     85554   38
     61110  988
     10185  921
    164997  953
    185367  868
    138516  346
    140553  243
    164997  298
     28518  493
    187404  870
     54999  916
     34629  546
     46851  186
     83517  182
    146664  603
    109998  638
     20370  609
    128331  400
    203700  934
     71295  591
    144627  153
     10185  718
     54999  898
    193515  851
    142590  161
    134442  970
     54999  149
     93702  926
     79443  457
    175182  411
    162960  855
    197589   82
    132405  596
     99813  723
     20370  822
    175182  945
    167034  922
    136479  714
     12222   37
      6111  504
    193515  721
      6111  485
    112035  368
     24444  137
    120183  603
    114072  190
    134442  525
    134442  718
     95739  931
    158886  428
     81480  764
    154812  578
     67221  192
    118146   63
    136479  572
    169071   39
    150738  546
    183330    3
     42777   66
     16296   71
     40740  912
     91665  902
    105924  986
    126294  971
    183330  900
     89628  668
     99813  408
     95739  351
     16296  591
    185367  188
    191478  893
     38703  575
     28518  392
    195552  788
     50925  228
    130368   57
     30555  168
    169071  389
     32592  212
    177219  876
    114072  108
    201663  188
      8148  488
     20370  513
    201663  534
    134442  541
    152775  587
    109998  663
     69258   93
     75369  127
    195552  612
    191478    5
    179256  941
    132405  698
    124257  101
    144627  752
    199626  789
    160923  149
     93702  919
     73332  871
     28518  117
    191478  125
     52962  849
    183330  777
      4074  252
    140553  538
     34629  520
     16296  882
     22407  817
    203700  821
     48888   46
    112035  361
     93702  357
    134442  599
    136479  561
     85554  114
     38703  174
    193515  621
    179256  202
     85554  312
    189441  625
     83517  148
    152775  906
    164997  607
     36666  160
    142590  387
    158886   72
    107961  287
    169071  760
     65184  306
    128331  593
    199626  625
     85554   11
    183330  810
     59073  245
      8148  462
    128331   18
     44814  474
     85554  168
    154812  754
    189441   54
    138516  956
    138516  721
     48888  704
     14259  182
    189441  866
     65184  136
     89628  267
    203700   56
     61110  408
     36666  917
    112035  131
     18333   70
    177219  435
    101850  946
     61110   35
    126294  630
    183330   73
     63147  499
    124257  133
    177219  281
    199626  958
    177219  493
    126294  706
    171108  156
    156849  212
    169071  986
     73332  152
     83517  896
      4074  134
    146664  450
    146664  380
    130368  614
    107961  228
    109998  573
    148701  362
     28518  122
    146664  913
    201663  482
    156849  738
    156849  914
    179256  656
     91665  742
     24444  507
     89628  495
    160923  618
     73332  127
     95739  880
     89628  699
      6111   48
     93702  537
    150738  649
     85554  811
     36666  388
     50925  148
    191478  962
     77406  787
     89628  509
     91665  906
    183330  992
    118146  740
    167034  205
     99813  780
     26481  739
    185367  800
    109998  766
    136479  446
    175182  855
     46851  919
     38703  205
     89628  131
     20370  306
    164997   38
      4074  981
    162960  775
    160923  872
     93702  145
    140553  799
     44814  304
    187404  221
    122220  207
     42777  422
     22407  191
    134442  980
    114072  601
     81480  641
    175182  361
    112035  392
     32592  951
    124257  975
    181293   40
    122220  946
    156849  712
    130368  687
     36666  542
    116109  319
     22407  985
    132405  642
    183330  212
     52962  396
    193515  554
    158886  157
     69258  562
     59073  613
     75369  452
     97776  519
    193515  779
    181293  987
    154812  342
    197589  297
    167034  824
     81480  956
    181293  300
    128331  197
    105924   99
     10185  459
    195552  271
      6111  583
    150738  576
     16296  754
    107961  236
    181293   13
      8148  269
    173145  273
    109998   92
    148701   25
    156849  974
     48888  407
     69258  730
     59073  947
     99813  928
    191478  277
     65184  838
    144627  411
     44814  529
     18333  679
     85554  118
    120183  250
    122220  496
    171108  174
      4074  186
    114072  491
    103887  125
     85554  428
     54999  741
     81480  454
    122220   10
    130368  286
    171108  408
      6111  240
     42777  304
     34629  545
     52962  370
    164997  988
    173145  527
      4074  617
    171108  699
    158886  417
     79443  529
    118146  930
    146664  832
    187404  207
    199626  366
     40740  561
    158886  450
     87591  985
    164997  587
     57036  303
    156849  560
     38703  171
    140553  282
     71295  133
    134442  650
     28518  639
    122220  881
    118146  783
     18333  269
    187404  359
    142590  819
    122220  285
    105924  165
    122220  765
     26481  310
    191478  389
     18333  269
     79443   98
    179256  897
     59073  954
     46851  641
     14259  537
     73332  675
    101850  500
     32592  575
    181293  247
    173145  616
    187404  709
    203700   56
    150738  517
    128331  904
    138516    6
    116109  995
    146664  341
    130368  117
     71295  734
      6111  855
     89628  197
    116109  692
    124257  351
    193515  431
    105924  177
     67221  592
    183330  765
     48888  578
    136479  396
     32592  519
    120183   19
    144627  274
     85554  113
    120183  299
     32592   72
    203700  774
     93702  116
    146664  352
    105924  278
     44814  553
     73332  859
    160923  937
    126294  985
    177219  419
     30555  475
    162960  281
    103887  852
    181293  781
    114072  965
     36666  994
     16296   68
     14259  663
     40740  959
     14259  747
      8148  253
    124257  337
     89628  387
    103887  995
    144627  210
    122220   83
    142590  708
    177219  112
     34629  629
    120183  690
     61110  671
    154812  799
     16296  374
    195552    1
     48888  897
    112035  608
    187404  475
     52962  946
    158886   13
    158886  855
     48888  144
     16296  728
     75369  997
     14259  562
    120183  713
    142590  963
    167034  227
     73332  718
     57036   66
    142590   97
    144627  202
     91665  343
    203700  168
     22407  562
     59073  489
     32592  702
    124257   11
     52962  977
    162960  912
    103887  918
     28518  756
      6111  284
    181293  929
     46851  170
    118146  812
    144627  554
    189441  129
    173145  338
     52962  110
     73332  290
    169071  264
     69258  284
    201663  863
     42777  450
     87591   84
      6111  127
    140553  831
    120183  651
    175182  757
    185367  306
     61110   24
    195552  305
    138516  637
     77406  518
     40740  792
    132405  844
     89628  221
     42777  361
     22407  753
      4074  738
     38703  115
    160923  590
     32592  485
     36666  321
    124257  279
     16296  225
    134442  130
    101850   97
      4074  181
    197589  496
    114072  377
    120183  543
     79443  494
    103887  949
    101850  681
    134442  994
     44814  233
     14259  694
     95739  810
    169071  217
    114072  656
    142590  722
    126294  423
    162960  498
    134442  918
    185367  959
    146664  486
      8148  142
    134442  698
     91665  818
     54999  630
    148701  276
      8148  366
    136479  594
     54999  117
    122220  722
     97776  527
    160923   29
     65184  915
    175182  189
    126294  905
    156849  199
    107961   55
     24444  783
    199626  554
    112035  948
     30555  462
    158886  347
    132405  173
     46851  185
    126294  445
    112035  326
     61110  141
    154812  376
     93702  373
    144627  945
    189441  277
    189441  372
     63147  283
     54999    5
     59073  321
     24444  442
     18333  305
    118146  137
    191478  972
     30555  402
     54999  390
    193515  909
     12222  625
     48888  541
    130368  150
    148701  537
     16296  608
     59073  801
     75369  715
     26481   83
     69258  406
    130368  591
    130368  975
    138516  643
     28518   23
     48888  964
     87591  868
    118146  806
    109998  478
    187404  332
     83517  827
    154812  259
     83517  761
     73332   83
    122220  560
      4074  447
     87591  826
    146664  566
    195552  711
     42777  927
    195552  818
     69258  504
      8148  969
     97776  462
    169071  399
    101850  949
    105924  841
     69258  446
     79443  325
     99813  545
    132405  792
     48888  889
    193515  909
     12222  504
    138516  496
    122220  418
    152775  619
    164997  686
     42777  152
    203700  435
     91665  918
     73332  185
     36666   17
     99813  902
    148701  354
    183330  819
     63147   69
    130368  203
    185367   78
     61110  442
    173145  475
    160923  334
     30555  167
     91665  979
     91665  970
     44814  193
    148701  887
    201663  794
     10185  560
    128331  489
    152775  657
    191478  449
     48888  362
    134442  209
    177219  325
     44814  457
     65184  965
     36666  545
    185367  548
    197589  522
     73332  235
     32592  710
    128331   93
     75369  674
    114072  559
    171108  167
    158886  640
    116109  651
    126294  705
     65184  133
    191478  379
    107961  957
     40740  519
    199626  275
     71295  214
    191478  947
     87591   68
     85554  955
    171108  302
    179256  629
     97776  846
    101850  605
      8148  316
    158886   76
    171108  267
    150738  687
    160923  587
    148701  296
    150738  811
     10185  822
    195552  352
     36666  694
    193515  742
     24444  332
     93702  952
     10185  526
    187404  669
    195552  254
    144627  417
    136479  861
     14259   41
    112035  310
     44814  672
     83517  223
     44814  996
    122220  802
     57036  846
    195552  677
    197589  577
     12222   91
    171108  230
    124257  801
     89628  724
      4074  309
     73332  175
    187404  565
    109998  932
     28518  416
     46851  172
     10185  530
    122220  574
    146664  460
    130368  694
    130368  752
     75369  213
     81480  624
     93702  114
    144627  890
      8148  578
    179256  414
     99813  277
    124257  528
     95739  347
     30555  341
      8148  294
    116109  318
     79443  245
    167034  400
     20370  327
     95739  801
    122220  217
     38703  836
     52962  517
     42777  948
    126294   78
     59073  270
     32592  480
     59073  901
      8148  537
    203700  527
     79443  472
     24444  107
     48888  818
    203700  468
    169071  486
    197589  761
     99813  143
    130368   11
     93702  479
     99813  408
    103887   73
    201663  930
    124257  610
    126294  107
     30555  839
     77406  574
    122220  614
     73332  119
     18333  859
     44814  746
    154812  625
     52962  919
     32592  407
    195552  117
    130368  188
     75369  456
     89628  742
     36666  375
     50925  662
     32592  716
     85554  342
     44814  804
    167034  993
     89628  181
     87591  605
    195552  555
    197589  802
     91665  407
     69258  862
    144627  714
     26481  199
    167034  125
     30555  460
     12222  356
    169071  476
     38703  425
    142590  405
     20370  807
    203700  638
    130368  386
     95739  700
    173145  599
    103887  687
    101850  702
    116109  992
     73332  312
    181293  469
    175182  292
     44814  318
     26481  843
    140553  907
    126294  753
    118146  806
    140553  958
    130368  139
    175182   87
     38703  230
     20370  350
     32592  169
    181293  167
    203700   76
    138516   86
     22407  630
     12222  470
    116109  508
    185367  712
     18333  268
    132405  833
     89628  554
    171108  447
    162960  325
    183330  344
    144627  389
    124257  891
    130368  545
    126294  583
    136479  736
    118146   44
     18333   69
    160923  870
     40740  510
      8148  673
     77406  614
     69258   99
     79443  307
     38703  943
    156849   28
    193515  525
    134442  329
    183330  551
    136479  575
     91665  133
     54999  806
    118146  391
    142590  865
    103887  219
    130368  340
    183330  824
    158886  108
    162960  316
     91665   19
    144627  741
    138516  668
    199626  581
    122220  558
     54999  769
    154812  228
    169071  155
    144627  472
     18333  274
     18333  417
     42777  944
     30555  961
    140553  442
    136479  132
     65184  592
    105924  593
    114072  679
    126294  363
    152775   91
    140553  909
      4074  467
    169071   51
    183330  414
    122220  200
    109998  396
    156849  646
     65184   40
    158886  964
     50925  625
     26481  214
     16296  293
    183330    5
    199626  928
     59073  742
    201663  824
    179256  387
     77406  765
    144627  948
    201663  903
      4074  919
     34629  701
     38703  999
    187404  457
    203700  951
    179256  630
     65184  466
    120183  368
     50925  977
