49050214
49054059
49054596
49055528
49053499
49054406
49055387
49055742
49054034
49057078
49055759
49056559
49050222
49054406
49054786
49053739
49055429
49054927
49054422
49053804
49054349
49056245
49053150
49055486
49055726
49053952
49055460
49054133
49053614
49056104
49055775
49056641
49050388
49054687
49052996
49057003
49054307
49054208
49050180
49054000
49053424
49053911
49054687
49050198
49053655
49056484
49056203
49056922
49056716
49055346
49054851
49055742
49053143
49053176
49053457
49054869
49050701
49057060
49054364
49051111
49053895
49057011
49055619
49053978
49055247
49053994
49054901
49056997
49057037
49054380
49054620
49050446
49057102
49056971
49056286
49056781
49054224
49056161
49054067
49056229
49050214
49053929
49056922
49053648
49056153
49055064
49053259
49056732
49053671
49053721
49056054
49054521
49050347
49054315
49054307
49056088
49055882
49055601
49056963
49050727
49055999
49054034
49056849
49056351
49055643
49053606
49056724
49054802
49056708
49055122
49054059
49055353
49050453
49056146
49056641
49055148
49056245
49055528
49056476
49056161
49053796
49050214
49056443
49050685
49053234
49056633
49056468
49050487
49054935
49053705
49056948
49053515
49055106
49051111
49055858
49054224
49056062
49054729
49054596
49055205
49055825
49053283
49056666
49053168
49054760
49054927
49053937
49054463
49055700
49054547
49054893
49053333
49056716
49053507
49055643
49054224
49050735
49053895
49057011
49054992
49055510
49053903
49056567
49056187
49050172
49057128
49055288
49054604
49053598
49056583
49053598
49054208
49055916
49054513
49051111
49056377
49054869
49050701
49054505
49054570
49055205
49054042
49053812
49053168
49056823
49053333
49054836
49054984
49055304
49056989
49055643
49050693
49054893
49053655
49051111
49053358
49053044
49053846
49056153
49053697
49054026
49051111
49057102
49057060
49053002
49056237
49054851
49054265
49050461
49054448
49054331
49055866
49056831
49053598
49054323
49053473
49053598
49050735
49056922
49053432
49057029
49056500
49054562
49053259
49053267
49055734
49053481
49055643
49056377
49050321
49054521
49053507
49055890
49054505
49055262
49050180
49056757
49051111
49053036
49055924
49054968
49056385
49050438
49056831
49053747
49050172
49050248
49053622
49053960
49050214
49055015
49056385
49054380
49055239
49056765
49053945
49054737
49056518
49053291
49056518
49056278
49053770
49055379
49053309
49054836
49054398
49053119
49052947
49054265
49055924
49053127
49054042
49055502
49053655
49054075
49055007
49056955
49055791
49050339
49050743
49053465
49056088
49055189
49053036
49057102
49051111
49055015
49053762
49053937
49056740
49056864
49054125
49055692
49055809
49055650
49056393
49050453
49053838
49054026
49053184
49056492
49053424
49056971
49050701
49054661
49054752
49056203
49056138
49056211
49057060
49053192
49054497
49056922
49056468
49057086
49056062
49054521
49056047
49056906
49055957
49053564
49054158
49052947
49053564
49050263
49056039
49054950
49056427
49054117
49055528
49053853
49055924
49054166
49057128
49050396
49056112
49053622
49056369
49055965
49054562
49055064
49054471
49053440
49055874
49050743
49055569
49055841
49055676
49050214
49050131
49053218
49053192
49053820
49054299
49054547
49054224
49056336
49051111
49056153
49053986
49056880
49050404
49050412
49052970
49054349
49055809
49053523
49056526
49055817
49054158
49056195
49053416
49055908
49056690
49054190
49053630
49056856
49054836
49054125
49053242
49054968
49053184
49053408
49053762
49053796
49054976
49056567
49054810
49054398
49054554
49054497
49056864
49053408
49055254
49050214
49055593
49055510
49053895
49056724
49050214
49054018
49053358
49054117
49054539
49054943
49054307
49055684
49055007
49055478
49050156
49053622
49050339
49055510
49054307
49054257
49054299
49053101
49056294
49055411
49053531
49053754
49053085
49055239
49054737
49050313
49050719
49053960
49055668
49057052
49055353
49053788
49052988
49054091
49056153
49053010
49053713
49054521
49054984
49053952
49056310
49055411
49056799
49053366
49053861
49055197
49054646
49054265
49053606
49055361
49055098
49054109
49050289
49052962
49053556
49055940
49056302
49056674
49054588
49053994
49054794
49050685
49055668
49055130
49055098
49053762
49054273
49056765
49055122
49056435
49055718
49053168
49056930
49056518
49054539
49053929
49057045
49055155
49056567
49056153
49055031
49054018
49055676
49053812
49054000
49054190
49053226
49055064
49055288
49055783
49056633
49055445
49056476
49054505
49054844
49056740
49056948
49056310
49057037
49053754
49055049
49050339
49050297
49056963
49056914
49053994
49053788
49053820
49055312
49053960
49050263
49055239
49056278
49055437
49056039
49055056
49056690
49054216
49055288
49055478
49051111
49054430
49050396
49056344
49055239
49055270
49053440
49055072
49050164
49056021
49055064
49056328
49056831
49056575
49053911
49056807
49056260
49054695
49052947
49055494
49054992
49055056
49053317
49053374
49053333
49053390
49053895
49053663
49050388
49053200
49050446
49055114
49056302
49053580
49054182
49052988
49056666
49054729
49055163
49055023
49056336
49054349
49053093
49053465
49055890
49054570
49056526
49056518
49050248
49056948
49051111
49055825
49053168
49056120
49056971
49053812
49056872
49050388
49055825
49054737
49056344
49056955
49054885
49055502
49056385
49056633
49056096
49054208
49053572
49054141
49053358
49055270
49055528
49053010
49053275
49055692
49056575
49057086
49056401
49052939
49053531
49053846
49050685
49055395
49056484
49054356
49056963
49055833
49057086
49054489
49055320
49054737
49050214
49056658
49050420
49053440
49056344
49054349
49055023
49056377
49054992
49056351
49054075
49057110
49054505
49054232
49053069
49050735
49053721
49053762
49056179
49055619
49054554
49056534
49056419
49054018
49054505
49054505
49056948
49053283
49055593
49055098
49053424
49053192
49054968
49055106
49056419
49054182
49050313
49053721
49053465
49053796
49055239
49053051
49053499
49053135
49054877
49054604
49055981
49053341
49053291
49053879
49051111
49056443
49055296
49055353
49053911
49057060
49050180
49053291
49053911
49053762
49054091
49055981
49054307
49054901
49055221
49055239
49054281
49053309
49056344
49056625
49056591
49056435
49054372
49054356
49056542
49056609
49056427
